b0=1;
b1=0.4;