b0=1;
b1=0.4;
a0=0.5;
a1=0.25;
